epsl = 1
A
[[-2.01  1.01  0.   ...  0.    0.    0.  ]
 [ 1.   -2.01  1.01 ...  0.    0.    0.  ]
 [ 0.    1.   -2.01 ...  0.    0.    0.  ]
 ...
 [ 0.    0.    0.   ... -2.01  1.01  0.  ]
 [ 0.    0.    0.   ...  1.   -2.01  1.01]
 [ 0.    0.    0.   ...  0.    1.   -2.01]]

b
[[ 5.00000e-05]
 [ 5.00000e-05]
 [ 5.00000e-05]
 [ 5.00000e-05]
 [ 5.00000e-05]
 [ 5.00000e-05]
 [ 5.00000e-05]
 [ 5.00000e-05]
 [ 5.00000e-05]
 [ 5.00000e-05]
 [ 5.00000e-05]
 [ 5.00000e-05]
 [ 5.00000e-05]
 [ 5.00000e-05]
 [ 5.00000e-05]
 [ 5.00000e-05]
 [ 5.00000e-05]
 [ 5.00000e-05]
 [ 5.00000e-05]
 [ 5.00000e-05]
 [ 5.00000e-05]
 [ 5.00000e-05]
 [ 5.00000e-05]
 [ 5.00000e-05]
 [ 5.00000e-05]
 [ 5.00000e-05]
 [ 5.00000e-05]
 [ 5.00000e-05]
 [ 5.00000e-05]
 [ 5.00000e-05]
 [ 5.00000e-05]
 [ 5.00000e-05]
 [ 5.00000e-05]
 [ 5.00000e-05]
 [ 5.00000e-05]
 [ 5.00000e-05]
 [ 5.00000e-05]
 [ 5.00000e-05]
 [ 5.00000e-05]
 [ 5.00000e-05]
 [ 5.00000e-05]
 [ 5.00000e-05]
 [ 5.00000e-05]
 [ 5.00000e-05]
 [ 5.00000e-05]
 [ 5.00000e-05]
 [ 5.00000e-05]
 [ 5.00000e-05]
 [ 5.00000e-05]
 [ 5.00000e-05]
 [ 5.00000e-05]
 [ 5.00000e-05]
 [ 5.00000e-05]
 [ 5.00000e-05]
 [ 5.00000e-05]
 [ 5.00000e-05]
 [ 5.00000e-05]
 [ 5.00000e-05]
 [ 5.00000e-05]
 [ 5.00000e-05]
 [ 5.00000e-05]
 [ 5.00000e-05]
 [ 5.00000e-05]
 [ 5.00000e-05]
 [ 5.00000e-05]
 [ 5.00000e-05]
 [ 5.00000e-05]
 [ 5.00000e-05]
 [ 5.00000e-05]
 [ 5.00000e-05]
 [ 5.00000e-05]
 [ 5.00000e-05]
 [ 5.00000e-05]
 [ 5.00000e-05]
 [ 5.00000e-05]
 [ 5.00000e-05]
 [ 5.00000e-05]
 [ 5.00000e-05]
 [ 5.00000e-05]
 [ 5.00000e-05]
 [ 5.00000e-05]
 [ 5.00000e-05]
 [ 5.00000e-05]
 [ 5.00000e-05]
 [ 5.00000e-05]
 [ 5.00000e-05]
 [ 5.00000e-05]
 [ 5.00000e-05]
 [ 5.00000e-05]
 [ 5.00000e-05]
 [ 5.00000e-05]
 [ 5.00000e-05]
 [ 5.00000e-05]
 [ 5.00000e-05]
 [ 5.00000e-05]
 [ 5.00000e-05]
 [ 5.00000e-05]
 [ 5.00000e-05]
 [-1.00995e+00]]
精确解
[[0.01287047]
 [0.02566262]
 [0.03837724]
 [0.0510151 ]
 [0.06357696]
 [0.07606358]
 [0.0884757 ]
 [0.10081407]
 [0.11307943]
 [0.12527249]
 [0.13739399]
 [0.14944462]
 [0.16142509]
 [0.17333611]
 [0.18517837]
 [0.19695254]
 [0.20865931]
 [0.22029934]
 [0.23187331]
 [0.24338186]
 [0.25482566]
 [0.26620533]
 [0.27752153]
 [0.28877488]
 [0.299966  ]
 [0.31109553]
 [0.32216406]
 [0.33317222]
 [0.34412059]
 [0.35500977]
 [0.36584035]
 [0.37661292]
 [0.38732805]
 [0.39798632]
 [0.40858828]
 [0.41913451]
 [0.42962554]
 [0.44006194]
 [0.45044425]
 [0.460773  ]
 [0.47104873]
 [0.48127197]
 [0.49144324]
 [0.50156305]
 [0.51163191]
 [0.52165034]
 [0.53161884]
 [0.5415379 ]
 [0.55140801]
 [0.56122967]
 [0.57100334]
 [0.58072952]
 [0.59040868]
 [0.60004127]
 [0.60962777]
 [0.61916864]
 [0.62866432]
 [0.63811527]
 [0.64752193]
 [0.65688474]
 [0.66620414]
 [0.67548057]
 [0.68471444]
 [0.69390619]
 [0.70305622]
 [0.71216497]
 [0.72123283]
 [0.73026021]
 [0.73924752]
 [0.74819516]
 [0.75710352]
 [0.76597299]
 [0.77480395]
 [0.7835968 ]
 [0.79235191]
 [0.80106966]
 [0.80975041]
 [0.81839454]
 [0.82700241]
 [0.83557438]
 [0.8441108 ]
 [0.85261204]
 [0.86107845]
 [0.86951036]
 [0.87790812]
 [0.88627207]
 [0.89460256]
 [0.9028999 ]
 [0.91116444]
 [0.91939649]
 [0.92759638]
 [0.93576443]
 [0.94390096]
 [0.95200629]
 [0.96008071]
 [0.96812454]
 [0.97613809]
 [0.98412165]
 [0.99207552]]
Jacob迭代次数 532
GS迭代次数 274
SOR 迭代次数 27
Jacob answer
[[-9.45934005e-04]
 [-1.83495326e-03]
 [-2.66830430e-03]
 [-3.44969659e-03]
 [-4.17891947e-03]
 [-4.86094322e-03]
 [-5.49385431e-03]
 [-6.08411487e-03]
 [-6.62771966e-03]
 [-7.13300076e-03]
 [-7.59330969e-03]
 [-8.01939352e-03]
 [-8.40121901e-03]
 [-8.75268804e-03]
 [-9.05941608e-03]
 [-9.33942983e-03]
 [-9.57275948e-03]
 [-9.78279957e-03]
 [-9.94244449e-03]
 [-1.00820220e-02]
 [-1.01653685e-02]
 [-1.02316883e-02]
 [-1.02334061e-02]
 [-1.02209841e-02]
 [-1.01325876e-02]
 [-1.00328187e-02]
 [-9.84217938e-03]
 [-9.64285618e-03]
 [-9.33366879e-03]
 [-9.01845550e-03]
 [-8.56966692e-03]
 [-8.11753455e-03]
 [-7.50274709e-03]
 [-6.88738348e-03]
 [-6.07425040e-03]
 [-5.26346208e-03]
 [-4.21309936e-03]
 [-3.16822913e-03]
 [-1.83467310e-03]
 [-5.10062559e-04]
 [ 1.16019070e-03]
 [ 2.81765797e-03]
 [ 4.88599055e-03]
 [ 6.93722459e-03]
 [ 9.47306663e-03]
 [ 1.19869406e-02]
 [ 1.50677244e-02]
 [ 1.81210306e-02]
 [ 2.18318810e-02]
 [ 2.55090258e-02]
 [ 2.99421410e-02]
 [ 3.43345331e-02]
 [ 3.95882163e-02]
 [ 4.47933102e-02]
 [ 5.09706210e-02]
 [ 5.70905826e-02]
 [ 6.42975911e-02]
 [ 7.14375703e-02]
 [ 7.97812107e-02]
 [ 8.80472176e-02]
 [ 9.76327603e-02]
 [ 1.07129163e-01]
 [ 1.18057344e-01]
 [ 1.28884026e-01]
 [ 1.41247893e-01]
 [ 1.53497134e-01]
 [ 1.67378703e-01]
 [ 1.81131860e-01]
 [ 1.96598672e-01]
 [ 2.11922782e-01]
 [ 2.29024504e-01]
 [ 2.45968906e-01]
 [ 2.64734105e-01]
 [ 2.83327249e-01]
 [ 3.03760483e-01]
 [ 3.24007048e-01]
 [ 3.46086430e-01]
 [ 3.67964910e-01]
 [ 3.91640278e-01]
 [ 4.15101169e-01]
 [ 4.40292999e-01]
 [ 4.65257714e-01]
 [ 4.91856859e-01]
 [ 5.18217473e-01]
 [ 5.46085813e-01]
 [ 5.73705704e-01]
 [ 6.02677734e-01]
 [ 6.31393150e-01]
 [ 6.61278505e-01]
 [ 6.90901058e-01]
 [ 7.21487908e-01]
 [ 7.51807941e-01]
 [ 7.82867181e-01]
 [ 8.13657908e-01]
 [ 8.44947995e-01]
 [ 8.75970295e-01]
 [ 9.07242578e-01]
 [ 9.38250265e-01]
 [ 9.69254607e-01]]
A*ans_jacob
[[ 4.80245626e-05]
 [ 4.73346951e-05]
 [ 4.41448365e-05]
 [ 4.48771693e-05]
 [ 4.03789061e-05]
 [ 4.27835410e-05]
 [ 3.67479262e-05]
 [ 4.12197157e-05]
 [ 3.32708869e-05]
 [ 4.03690788e-05]
 [ 2.99642650e-05]
 [ 4.04400829e-05]
 [ 2.68417627e-05]
 [ 4.16737237e-05]
 [ 2.39141437e-05]
 [ 4.43507980e-05]
 [ 2.11891682e-05]
 [ 4.87987229e-05]
 [ 1.86716277e-05]
 [ 5.53975699e-05]
 [ 1.63634715e-05]
 [ 6.45848390e-05]
 [ 1.42640195e-05]
 [ 7.68583742e-05]
 [ 1.23702471e-05]
 [ 9.27767128e-05]
 [ 1.06771298e-05]
 [ 1.12956075e-04]
 [ 9.17803143e-06]
 [ 1.38063165e-04]
 [ 7.86512001e-06]
 [ 1.68802966e-04]
 [ 6.72979582e-06]
 [ 2.05900791e-04]
 [ 5.76311581e-06]
 [ 2.50078043e-04]
 [ 4.95620043e-06]
 [ 3.02021366e-04]
 [ 4.30061018e-06]
 [ 3.62345256e-04]
 [ 3.78868096e-06]
 [ 4.31548633e-04]
 [ 3.41380921e-06]
 [ 5.09966412e-04]
 [ 3.17067955e-06]
 [ 5.97717687e-04]
 [ 3.05542969e-06]
 [ 6.94652732e-04]
 [ 3.06574890e-06]
 [ 8.00301627e-04]
 [ 3.20090821e-06]
 [ 9.13827781e-04]
 [ 3.46172179e-06]
 [ 1.03399000e-03]
 [ 3.85044089e-06]
 [ 1.15911691e-03]
 [ 4.37058294e-06]
 [ 1.28709750e-03]
 [ 5.02670010e-06]
 [ 1.41539112e-03]
 [ 5.82409331e-06]
 [ 1.54105970e-03]
 [ 6.76847927e-06]
 [ 1.66082387e-03]
 [ 7.86561988e-06]
 [ 1.77114352e-03]
 [ 9.12092503e-06]
 [ 1.86832185e-03]
 [ 1.05390413e-05]
 [ 1.94863018e-03]
 [ 1.21234409e-05]
 [ 2.00844942e-03]
 [ 1.38760247e-05]
 [ 2.04442243e-03]
 [ 1.57967565e-05]
 [ 2.05360997e-03]
 [ 1.78833429e-05]
 [ 2.03364232e-03]
 [ 2.01309727e-05]
 [ 1.98285800e-03]
 [ 2.25321312e-05]
 [ 1.90042081e-03]
 [ 2.50764989e-05]
 [ 1.78640755e-03]
 [ 2.77509422e-05]
 [ 1.64185946e-03]
 [ 3.05396028e-05]
 [ 1.46879273e-03]
 [ 3.34240845e-05]
 [ 1.27016503e-03]
 [ 3.63837338e-05]
 [ 1.04979820e-03]
 [ 3.93960085e-05]
 [ 8.12259338e-04]
 [ 4.24369198e-05]
 [ 5.62705289e-04]
 [ 4.54815335e-05]
 [ 3.06698030e-04]
 [-1.00995150e+00]]
Jacob迭代法误差
0.0020036099657095795
Jacob和精确解之间误差
0.8853456491673487
Gauss Seidel answer
[[-9.37741938e-04]
 [-1.82038364e-03]
 [-2.65026325e-03]
 [-3.42965286e-03]
 [-4.16075269e-03]
 [-4.84568496e-03]
 [-5.48648739e-03]
 [-6.08510619e-03]
 [-6.64338846e-03]
 [-7.16307384e-03]
 [-7.64578535e-03]
 [-8.09301919e-03]
 [-8.50613351e-03]
 [-8.88633582e-03]
 [-9.23466903e-03]
 [-9.55199590e-03]
 [-9.83898184e-03]
 [-1.00960757e-02]
 [-1.03234886e-02]
 [-1.05211707e-02]
 [-1.06887854e-02]
 [-1.08256818e-02]
 [-1.09308634e-02]
 [-1.10029560e-02]
 [-1.10401712e-02]
 [-1.10402689e-02]
 [-1.10005164e-02]
 [-1.09176452e-02]
 [-1.07878058e-02]
 [-1.06065205e-02]
 [-1.03686340e-02]
 [-1.00682630e-02]
 [-9.69874517e-03]
 [-9.25258687e-03]
 [-8.72141159e-03]
 [-8.09590908e-03]
 [-7.36578589e-03]
 [-6.51971840e-03]
 [-5.54530903e-03]
 [-4.42904656e-03]
 [-3.15627171e-03]
 [-1.71114886e-03]
 [-7.66450711e-05]
 [ 1.76548256e-03]
 [ 3.83469010e-03]
 [ 6.15163942e-03]
 [ 8.73817942e-03]
 [ 1.16173146e-02]
 [ 1.48131602e-02]
 [ 1.83508835e-02]
 [ 2.22566296e-02]
 [ 2.65574323e-02]
 [ 3.12811090e-02]
 [ 3.64561396e-02]
 [ 4.21115293e-02]
 [ 4.82766560e-02]
 [ 5.49811019e-02]
 [ 6.22544708e-02]
 [ 7.01261914e-02]
 [ 7.86253085e-02]
 [ 8.77802624e-02]
 [ 9.76186591e-02]
 [ 1.08167033e-01]
 [ 1.19450604e-01]
 [ 1.31493030e-01]
 [ 1.44316161e-01]
 [ 1.57939791e-01]
 [ 1.72381421e-01]
 [ 1.87656019e-01]
 [ 2.03775799e-01]
 [ 2.20750008e-01]
 [ 2.38584728e-01]
 [ 2.57282699e-01]
 [ 2.76843160e-01]
 [ 2.97261712e-01]
 [ 3.18530209e-01]
 [ 3.40636674e-01]
 [ 3.63565243e-01]
 [ 3.87296137e-01]
 [ 4.11805674e-01]
 [ 4.37066300e-01]
 [ 4.63046658e-01]
 [ 4.89711692e-01]
 [ 5.17022775e-01]
 [ 5.44937873e-01]
 [ 5.73411735e-01]
 [ 6.02396115e-01]
 [ 6.31840013e-01]
 [ 6.61689948e-01]
 [ 6.91890243e-01]
 [ 7.22383339e-01]
 [ 7.53110116e-01]
 [ 7.84010229e-01]
 [ 8.15022455e-01]
 [ 8.46085048e-01]
 [ 8.77136086e-01]
 [ 9.08113834e-01]
 [ 9.38957087e-01]
 [ 9.69605516e-01]]
A*ans_gs
[[ 4.62738215e-05]
 [ 4.44632924e-05]
 [ 4.26961012e-05]
 [ 4.09787845e-05]
 [ 3.93182381e-05]
 [ 3.77218165e-05]
 [ 3.61974398e-05]
 [ 3.47537098e-05]
 [ 3.34000343e-05]
 [ 3.21467613e-05]
 [ 3.10053216e-05]
 [ 2.99883795e-05]
 [ 2.91099915e-05]
 [ 2.83857710e-05]
 [ 2.78330567e-05]
 [ 2.74710843e-05]
 [ 2.73211573e-05]
 [ 2.74068139e-05]
 [ 2.77539877e-05]
 [ 2.83911562e-05]
 [ 2.93494735e-05]
 [ 3.06628829e-05]
 [ 3.23682019e-05]
 [ 3.45051757e-05]
 [ 3.71164926e-05]
 [ 4.02477541e-05]
 [ 4.39473948e-05]
 [ 4.82665453e-05]
 [ 5.32588318e-05]
 [ 5.89801074e-05]
 [ 6.54881097e-05]
 [ 7.28420404e-05]
 [ 8.11020640e-05]
 [ 9.03287230e-05]
 [ 1.00582268e-04]
 [ 1.11921906e-04]
 [ 1.24404965e-04]
 [ 1.38085983e-04]
 [ 1.53015723e-04]
 [ 1.69240130e-04]
 [ 1.86799228e-04]
 [ 2.05725980e-04]
 [ 2.26045120e-04]
 [ 2.47771974e-04]
 [ 2.70911284e-04]
 [ 2.95456067e-04]
 [ 3.21386510e-04]
 [ 3.48668943e-04]
 [ 3.77254893e-04]
 [ 4.07080264e-04]
 [ 4.38064643e-04]
 [ 4.70110768e-04]
 [ 5.03104173e-04]
 [ 5.36913036e-04]
 [ 5.71388236e-04]
 [ 6.06363646e-04]
 [ 6.41656661e-04]
 [ 6.77068980e-04]
 [ 7.12387643e-04]
 [ 7.47386318e-04]
 [ 7.81826842e-04]
 [ 8.15461001e-04]
 [ 8.48032542e-04]
 [ 8.79279392e-04]
 [ 9.08936071e-04]
 [ 9.36736264e-04]
 [ 9.62415527e-04]
 [ 9.85714094e-04]
 [ 1.00637975e-03]
 [ 1.02417071e-03]
 [ 1.03885853e-03]
 [ 1.05023089e-03]
 [ 1.05809432e-03]
 [ 1.06227682e-03]
 [ 1.06263020e-03]
 [ 1.05903231e-03]
 [ 1.05138891e-03]
 [ 1.03963536e-03]
 [ 1.02373791e-03]
 [ 1.00369466e-03]
 [ 9.79536235e-04]
 [ 9.51325968e-04]
 [ 9.19159816e-04]
 [ 8.83165826e-04]
 [ 8.43503245e-04]
 [ 8.00361266e-04]
 [ 7.53957410e-04]
 [ 7.04535588e-04]
 [ 6.52363851e-04]
 [ 5.97731870e-04]
 [ 5.40948173e-04]
 [ 4.82337180e-04]
 [ 4.22236075e-04]
 [ 3.60991569e-04]
 [ 2.98956571e-04]
 [ 2.36486843e-04]
 [ 1.73937659e-04]
 [ 1.11660527e-04]
 [-1.00995000e+00]]
GS迭代法误差
0.0010126302019230983
GS和精确解之间误差
0.8853456491673487
SOR answer
[[-1.37882349e-04]
 [-2.37226365e-04]
 [-3.08708288e-04]
 [-3.60066748e-04]
 [-3.96907529e-04]
 [-4.23288288e-04]
 [-4.42143411e-04]
 [-4.55592693e-04]
 [-4.65165587e-04]
 [-4.71964059e-04]
 [-4.76780835e-04]
 [-4.80185195e-04]
 [-4.82585180e-04]
 [-4.84272668e-04]
 [-4.85455982e-04]
 [-4.86283463e-04]
 [-4.86860485e-04]
 [-4.87261703e-04]
 [-4.87539872e-04]
 [-4.87732163e-04]
 [-4.87864697e-04]
 [-4.87955773e-04]
 [-4.88018171e-04]
 [-4.88060795e-04]
 [-4.88089824e-04]
 [-4.88109535e-04]
 [-4.88122879e-04]
 [-4.88131886e-04]
 [-4.88137948e-04]
 [-4.88142016e-04]
 [-4.88144738e-04]
 [-4.88146553e-04]
 [-4.88147761e-04]
 [-4.88148563e-04]
 [-4.88149093e-04]
 [-4.88149442e-04]
 [-4.88149672e-04]
 [-4.88149823e-04]
 [-4.88149922e-04]
 [-4.88149986e-04]
 [-4.88150028e-04]
 [-4.88150056e-04]
 [-4.88150073e-04]
 [-4.88150085e-04]
 [-4.88150092e-04]
 [-4.88150097e-04]
 [-4.88150100e-04]
 [-4.88150102e-04]
 [-4.88150103e-04]
 [-4.88150104e-04]
 [-4.88150104e-04]
 [-4.88150105e-04]
 [-4.88150105e-04]
 [-4.88150105e-04]
 [-4.88150105e-04]
 [-4.88150105e-04]
 [-4.88150105e-04]
 [-4.88150105e-04]
 [-4.88150105e-04]
 [-4.88150105e-04]
 [-4.88150105e-04]
 [-4.88150105e-04]
 [-4.88150105e-04]
 [-4.88150105e-04]
 [-4.88150105e-04]
 [-4.88150105e-04]
 [-4.88150105e-04]
 [-4.88150105e-04]
 [-4.88150105e-04]
 [-4.88150105e-04]
 [-4.88150105e-04]
 [-4.88150105e-04]
 [-4.88150105e-04]
 [-4.88132304e-04]
 [-4.87937553e-04]
 [-4.86810625e-04]
 [-4.82225671e-04]
 [-4.67506254e-04]
 [-4.27811057e-04]
 [-3.34284297e-04]
 [-1.36488515e-04]
 [ 2.46505750e-04]
 [ 9.35962367e-04]
 [ 2.10412609e-03]
 [ 3.98615333e-03]
 [ 6.89466428e-03]
 [ 1.12392442e-02]
 [ 1.75542519e-02]
 [ 2.65393375e-02]
 [ 3.91181903e-02]
 [ 5.65224046e-02]
 [ 8.04091949e-02]
 [ 1.13024346e-01]
 [ 1.57425610e-01]
 [ 2.17787237e-01]
 [ 2.99813978e-01]
 [ 4.11303542e-01]
 [ 5.62910989e-01]
 [ 7.69188383e-01]]
A*ans_sor
[[ 3.75448928e-05]
 [ 2.71472741e-05]
 [ 1.96098777e-05]
 [ 1.41492716e-05]
 [ 1.01962146e-05]
 [ 7.33708495e-06]
 [ 5.27134715e-06]
 [ 3.78066061e-06]
 [ 2.70643646e-06]
 [ 1.93352781e-06]
 [ 1.37837308e-06]
 [ 9.80373880e-07]
 [ 6.95623076e-07]
 [ 4.92341482e-07]
 [ 3.47557250e-07]
 [ 2.44689588e-07]
 [ 1.71790857e-07]
 [ 1.20268148e-07]
 [ 8.39541354e-08]
 [ 5.84323591e-08]
 [ 4.05478150e-08]
 [ 2.80524442e-08]
 [ 1.93487578e-08]
 [ 1.33047789e-08]
 [ 9.12074651e-09]
 [ 6.23332633e-09]
 [ 4.24694945e-09]
 [ 2.88473035e-09]
 [ 1.95348172e-09]
 [ 1.31885269e-09]
 [ 8.87716672e-10]
 [ 5.95735253e-10]
 [ 3.98606082e-10]
 [ 2.65924358e-10]
 [ 1.76892189e-10]
 [ 1.17329992e-10]
 [ 7.76020906e-11]
 [ 5.11819075e-11]
 [ 3.36630368e-11]
 [ 2.20800138e-11]
 [ 1.44434308e-11]
 [ 9.42284987e-12]
 [ 6.13128038e-12]
 [ 3.97917680e-12]
 [ 2.57587398e-12]
 [ 1.66326545e-12]
 [ 1.07132293e-12]
 [ 6.88362128e-13]
 [ 4.41232337e-13]
 [ 2.82155159e-13]
 [ 1.80008786e-13]
 [ 1.14577618e-13]
 [ 7.27653614e-14]
 [ 4.61080826e-14]
 [ 2.91528954e-14]
 [ 1.83924057e-14]
 [ 1.15794960e-14]
 [ 7.27456290e-15]
 [ 4.56102170e-15]
 [ 2.85362012e-15]
 [ 1.78177785e-15]
 [ 1.11043987e-15]
 [ 6.90636784e-16]
 [ 4.28693539e-16]
 [ 2.65412692e-16]
 [ 1.64365049e-16]
 [ 1.01264483e-16]
 [ 6.22332047e-17]
 [ 3.85975973e-17]
 [ 2.32019265e-17]
 [ 1.43114687e-17]
 [ 8.89045781e-18]
 [ 1.79791393e-08]
 [ 1.78897573e-07]
 [ 9.43445602e-07]
 [ 3.50387680e-06]
 [ 1.02816559e-05]
 [ 2.53727323e-05]
 [ 5.47668308e-05]
 [ 1.06246981e-04]
 [ 1.89028424e-04]
 [ 3.13356918e-04]
 [ 4.90388741e-04]
 [ 7.32683793e-04]
 [ 1.05556881e-03]
 [ 1.47951473e-03]
 [ 2.03357796e-03]
 [ 2.75992864e-03]
 [ 3.71955579e-03]
 [ 4.99940363e-03]
 [ 6.72144393e-03]
 [ 9.05451214e-03]
 [ 1.22301261e-02]
 [ 1.65639782e-02]
 [ 2.24853823e-02]
 [ 3.05777189e-02]
 [ 4.16339562e-02]
 [ 5.67327218e-02]
 [-9.83157660e-01]]
SOR迭代法误差
0.05668272175409294
SOR和精确解之间误差
0.8853456491673487
