epsl = 0.0001
A
[[-0.0102  0.0101  0.     ...  0.      0.      0.    ]
 [ 0.0001 -0.0102  0.0101 ...  0.      0.      0.    ]
 [ 0.      0.0001 -0.0102 ...  0.      0.      0.    ]
 ...
 [ 0.      0.      0.     ... -0.0102  0.0101  0.    ]
 [ 0.      0.      0.     ...  0.0001 -0.0102  0.0101]
 [ 0.      0.      0.     ...  0.      0.0001 -0.0102]]

b
[[ 5.000e-05]
 [ 5.000e-05]
 [ 5.000e-05]
 [ 5.000e-05]
 [ 5.000e-05]
 [ 5.000e-05]
 [ 5.000e-05]
 [ 5.000e-05]
 [ 5.000e-05]
 [ 5.000e-05]
 [ 5.000e-05]
 [ 5.000e-05]
 [ 5.000e-05]
 [ 5.000e-05]
 [ 5.000e-05]
 [ 5.000e-05]
 [ 5.000e-05]
 [ 5.000e-05]
 [ 5.000e-05]
 [ 5.000e-05]
 [ 5.000e-05]
 [ 5.000e-05]
 [ 5.000e-05]
 [ 5.000e-05]
 [ 5.000e-05]
 [ 5.000e-05]
 [ 5.000e-05]
 [ 5.000e-05]
 [ 5.000e-05]
 [ 5.000e-05]
 [ 5.000e-05]
 [ 5.000e-05]
 [ 5.000e-05]
 [ 5.000e-05]
 [ 5.000e-05]
 [ 5.000e-05]
 [ 5.000e-05]
 [ 5.000e-05]
 [ 5.000e-05]
 [ 5.000e-05]
 [ 5.000e-05]
 [ 5.000e-05]
 [ 5.000e-05]
 [ 5.000e-05]
 [ 5.000e-05]
 [ 5.000e-05]
 [ 5.000e-05]
 [ 5.000e-05]
 [ 5.000e-05]
 [ 5.000e-05]
 [ 5.000e-05]
 [ 5.000e-05]
 [ 5.000e-05]
 [ 5.000e-05]
 [ 5.000e-05]
 [ 5.000e-05]
 [ 5.000e-05]
 [ 5.000e-05]
 [ 5.000e-05]
 [ 5.000e-05]
 [ 5.000e-05]
 [ 5.000e-05]
 [ 5.000e-05]
 [ 5.000e-05]
 [ 5.000e-05]
 [ 5.000e-05]
 [ 5.000e-05]
 [ 5.000e-05]
 [ 5.000e-05]
 [ 5.000e-05]
 [ 5.000e-05]
 [ 5.000e-05]
 [ 5.000e-05]
 [ 5.000e-05]
 [ 5.000e-05]
 [ 5.000e-05]
 [ 5.000e-05]
 [ 5.000e-05]
 [ 5.000e-05]
 [ 5.000e-05]
 [ 5.000e-05]
 [ 5.000e-05]
 [ 5.000e-05]
 [ 5.000e-05]
 [ 5.000e-05]
 [ 5.000e-05]
 [ 5.000e-05]
 [ 5.000e-05]
 [ 5.000e-05]
 [ 5.000e-05]
 [ 5.000e-05]
 [ 5.000e-05]
 [ 5.000e-05]
 [ 5.000e-05]
 [ 5.000e-05]
 [ 5.000e-05]
 [ 5.000e-05]
 [ 5.000e-05]
 [-1.005e-02]]
精确解
[[0.505]
 [0.51 ]
 [0.515]
 [0.52 ]
 [0.525]
 [0.53 ]
 [0.535]
 [0.54 ]
 [0.545]
 [0.55 ]
 [0.555]
 [0.56 ]
 [0.565]
 [0.57 ]
 [0.575]
 [0.58 ]
 [0.585]
 [0.59 ]
 [0.595]
 [0.6  ]
 [0.605]
 [0.61 ]
 [0.615]
 [0.62 ]
 [0.625]
 [0.63 ]
 [0.635]
 [0.64 ]
 [0.645]
 [0.65 ]
 [0.655]
 [0.66 ]
 [0.665]
 [0.67 ]
 [0.675]
 [0.68 ]
 [0.685]
 [0.69 ]
 [0.695]
 [0.7  ]
 [0.705]
 [0.71 ]
 [0.715]
 [0.72 ]
 [0.725]
 [0.73 ]
 [0.735]
 [0.74 ]
 [0.745]
 [0.75 ]
 [0.755]
 [0.76 ]
 [0.765]
 [0.77 ]
 [0.775]
 [0.78 ]
 [0.785]
 [0.79 ]
 [0.795]
 [0.8  ]
 [0.805]
 [0.81 ]
 [0.815]
 [0.82 ]
 [0.825]
 [0.83 ]
 [0.835]
 [0.84 ]
 [0.845]
 [0.85 ]
 [0.855]
 [0.86 ]
 [0.865]
 [0.87 ]
 [0.875]
 [0.88 ]
 [0.885]
 [0.89 ]
 [0.895]
 [0.9  ]
 [0.905]
 [0.91 ]
 [0.915]
 [0.92 ]
 [0.925]
 [0.93 ]
 [0.935]
 [0.94 ]
 [0.945]
 [0.95 ]
 [0.955]
 [0.96 ]
 [0.965]
 [0.97 ]
 [0.975]
 [0.98 ]
 [0.985]
 [0.99 ]
 [0.995]]
Jacob迭代次数 109
GS迭代次数 105
SOR 迭代次数 114
Jacob answer
[[0.49934092]
 [0.50983832]
 [0.51489219]
 [0.51998583]
 [0.52498668]
 [0.52999843]
 [0.53499854]
 [0.53999985]
 [0.54499986]
 [0.54999999]
 [0.55499999]
 [0.56      ]
 [0.565     ]
 [0.57      ]
 [0.575     ]
 [0.58      ]
 [0.585     ]
 [0.59      ]
 [0.595     ]
 [0.6       ]
 [0.605     ]
 [0.61      ]
 [0.615     ]
 [0.62      ]
 [0.625     ]
 [0.63      ]
 [0.635     ]
 [0.64      ]
 [0.645     ]
 [0.65      ]
 [0.655     ]
 [0.66      ]
 [0.665     ]
 [0.67      ]
 [0.675     ]
 [0.68      ]
 [0.685     ]
 [0.69      ]
 [0.695     ]
 [0.7       ]
 [0.705     ]
 [0.71      ]
 [0.715     ]
 [0.72      ]
 [0.725     ]
 [0.73      ]
 [0.735     ]
 [0.74      ]
 [0.745     ]
 [0.75      ]
 [0.755     ]
 [0.76      ]
 [0.765     ]
 [0.77      ]
 [0.775     ]
 [0.78      ]
 [0.785     ]
 [0.79      ]
 [0.795     ]
 [0.8       ]
 [0.805     ]
 [0.81      ]
 [0.815     ]
 [0.82      ]
 [0.825     ]
 [0.83      ]
 [0.835     ]
 [0.84      ]
 [0.845     ]
 [0.85      ]
 [0.855     ]
 [0.86      ]
 [0.865     ]
 [0.87      ]
 [0.875     ]
 [0.88      ]
 [0.885     ]
 [0.89      ]
 [0.895     ]
 [0.9       ]
 [0.905     ]
 [0.91      ]
 [0.915     ]
 [0.92      ]
 [0.925     ]
 [0.93      ]
 [0.935     ]
 [0.94      ]
 [0.945     ]
 [0.95      ]
 [0.955     ]
 [0.96      ]
 [0.965     ]
 [0.97      ]
 [0.975     ]
 [0.98      ]
 [0.985     ]
 [0.99      ]
 [0.995     ]]
A*ans_jacob
[[ 5.60896412e-05]
 [ 4.99943019e-05]
 [ 5.09403691e-05]
 [ 4.99992836e-05]
 [ 5.01185751e-05]
 [ 4.99999208e-05]
 [ 5.00131540e-05]
 [ 4.99999922e-05]
 [ 5.00012999e-05]
 [ 4.99999993e-05]
 [ 5.00001156e-05]
 [ 4.99999999e-05]
 [ 5.00000093e-05]
 [ 5.00000000e-05]
 [ 5.00000007e-05]
 [ 5.00000000e-05]
 [ 5.00000000e-05]
 [ 5.00000000e-05]
 [ 5.00000000e-05]
 [ 5.00000000e-05]
 [ 5.00000000e-05]
 [ 5.00000000e-05]
 [ 5.00000000e-05]
 [ 5.00000000e-05]
 [ 5.00000000e-05]
 [ 5.00000000e-05]
 [ 5.00000000e-05]
 [ 5.00000000e-05]
 [ 5.00000000e-05]
 [ 5.00000000e-05]
 [ 5.00000000e-05]
 [ 5.00000000e-05]
 [ 5.00000000e-05]
 [ 5.00000000e-05]
 [ 5.00000000e-05]
 [ 5.00000000e-05]
 [ 5.00000000e-05]
 [ 5.00000000e-05]
 [ 5.00000000e-05]
 [ 5.00000000e-05]
 [ 5.00000000e-05]
 [ 5.00000000e-05]
 [ 5.00000000e-05]
 [ 5.00000000e-05]
 [ 5.00000000e-05]
 [ 5.00000000e-05]
 [ 5.00000000e-05]
 [ 5.00000000e-05]
 [ 5.00000000e-05]
 [ 5.00000000e-05]
 [ 5.00000000e-05]
 [ 5.00000000e-05]
 [ 5.00000000e-05]
 [ 5.00000000e-05]
 [ 5.00000000e-05]
 [ 5.00000000e-05]
 [ 5.00000000e-05]
 [ 5.00000000e-05]
 [ 5.00000000e-05]
 [ 5.00000000e-05]
 [ 5.00000000e-05]
 [ 5.00000000e-05]
 [ 5.00000000e-05]
 [ 5.00000000e-05]
 [ 5.00000000e-05]
 [ 5.00000000e-05]
 [ 5.00000000e-05]
 [ 5.00000000e-05]
 [ 5.00000000e-05]
 [ 5.00000000e-05]
 [ 5.00000000e-05]
 [ 5.00000000e-05]
 [ 5.00000000e-05]
 [ 5.00000000e-05]
 [ 5.00000000e-05]
 [ 5.00000000e-05]
 [ 5.00000000e-05]
 [ 5.00000000e-05]
 [ 5.00000000e-05]
 [ 5.00000000e-05]
 [ 5.00000000e-05]
 [ 5.00000000e-05]
 [ 5.00000000e-05]
 [ 5.00000000e-05]
 [ 5.00000000e-05]
 [ 5.00000000e-05]
 [ 5.00000000e-05]
 [ 5.00000000e-05]
 [ 5.00000000e-05]
 [ 5.00000000e-05]
 [ 5.00000000e-05]
 [ 5.00000000e-05]
 [ 5.00000000e-05]
 [ 5.00000000e-05]
 [ 5.00000000e-05]
 [ 5.00000000e-05]
 [ 5.00000000e-05]
 [ 5.00000000e-05]
 [-1.00500000e-02]]
Jacob迭代法误差
6.089641159109795e-06
Jacob和精确解之间误差
0.7570682347837474
Gauss Seidel answer
[[0.49934032]
 [0.50983768]
 [0.5149843 ]
 [0.51999816]
 [0.5249998 ]
 [0.52999998]
 [0.535     ]
 [0.54      ]
 [0.545     ]
 [0.55      ]
 [0.555     ]
 [0.56      ]
 [0.565     ]
 [0.57      ]
 [0.575     ]
 [0.58      ]
 [0.585     ]
 [0.59      ]
 [0.595     ]
 [0.6       ]
 [0.605     ]
 [0.61      ]
 [0.615     ]
 [0.62      ]
 [0.625     ]
 [0.63      ]
 [0.635     ]
 [0.64      ]
 [0.645     ]
 [0.65      ]
 [0.655     ]
 [0.66      ]
 [0.665     ]
 [0.67      ]
 [0.675     ]
 [0.68      ]
 [0.685     ]
 [0.69      ]
 [0.695     ]
 [0.7       ]
 [0.705     ]
 [0.71      ]
 [0.715     ]
 [0.72      ]
 [0.725     ]
 [0.73      ]
 [0.735     ]
 [0.74      ]
 [0.745     ]
 [0.75      ]
 [0.755     ]
 [0.76      ]
 [0.765     ]
 [0.77      ]
 [0.775     ]
 [0.78      ]
 [0.785     ]
 [0.79      ]
 [0.795     ]
 [0.8       ]
 [0.805     ]
 [0.81      ]
 [0.815     ]
 [0.82      ]
 [0.825     ]
 [0.83      ]
 [0.835     ]
 [0.84      ]
 [0.845     ]
 [0.85      ]
 [0.855     ]
 [0.86      ]
 [0.865     ]
 [0.87      ]
 [0.875     ]
 [0.88      ]
 [0.885     ]
 [0.89      ]
 [0.895     ]
 [0.9       ]
 [0.905     ]
 [0.91      ]
 [0.915     ]
 [0.92      ]
 [0.925     ]
 [0.93      ]
 [0.935     ]
 [0.94      ]
 [0.945     ]
 [0.95      ]
 [0.955     ]
 [0.96      ]
 [0.965     ]
 [0.97      ]
 [0.975     ]
 [0.98      ]
 [0.985     ]
 [0.99      ]
 [0.995     ]]
A*ans_gs
[[ 5.60892880e-05]
 [ 5.09310968e-05]
 [ 5.01253834e-05]
 [ 5.00151392e-05]
 [ 5.00016596e-05]
 [ 5.00001668e-05]
 [ 5.00000155e-05]
 [ 5.00000013e-05]
 [ 5.00000001e-05]
 [ 5.00000000e-05]
 [ 5.00000000e-05]
 [ 5.00000000e-05]
 [ 5.00000000e-05]
 [ 5.00000000e-05]
 [ 5.00000000e-05]
 [ 5.00000000e-05]
 [ 5.00000000e-05]
 [ 5.00000000e-05]
 [ 5.00000000e-05]
 [ 5.00000000e-05]
 [ 5.00000000e-05]
 [ 5.00000000e-05]
 [ 5.00000000e-05]
 [ 5.00000000e-05]
 [ 5.00000000e-05]
 [ 5.00000000e-05]
 [ 5.00000000e-05]
 [ 5.00000000e-05]
 [ 5.00000000e-05]
 [ 5.00000000e-05]
 [ 5.00000000e-05]
 [ 5.00000000e-05]
 [ 5.00000000e-05]
 [ 5.00000000e-05]
 [ 5.00000000e-05]
 [ 5.00000000e-05]
 [ 5.00000000e-05]
 [ 5.00000000e-05]
 [ 5.00000000e-05]
 [ 5.00000000e-05]
 [ 5.00000000e-05]
 [ 5.00000000e-05]
 [ 5.00000000e-05]
 [ 5.00000000e-05]
 [ 5.00000000e-05]
 [ 5.00000000e-05]
 [ 5.00000000e-05]
 [ 5.00000000e-05]
 [ 5.00000000e-05]
 [ 5.00000000e-05]
 [ 5.00000000e-05]
 [ 5.00000000e-05]
 [ 5.00000000e-05]
 [ 5.00000000e-05]
 [ 5.00000000e-05]
 [ 5.00000000e-05]
 [ 5.00000000e-05]
 [ 5.00000000e-05]
 [ 5.00000000e-05]
 [ 5.00000000e-05]
 [ 5.00000000e-05]
 [ 5.00000000e-05]
 [ 5.00000000e-05]
 [ 5.00000000e-05]
 [ 5.00000000e-05]
 [ 5.00000000e-05]
 [ 5.00000000e-05]
 [ 5.00000000e-05]
 [ 5.00000000e-05]
 [ 5.00000000e-05]
 [ 5.00000000e-05]
 [ 5.00000000e-05]
 [ 5.00000000e-05]
 [ 5.00000000e-05]
 [ 5.00000000e-05]
 [ 5.00000000e-05]
 [ 5.00000000e-05]
 [ 5.00000000e-05]
 [ 5.00000000e-05]
 [ 5.00000000e-05]
 [ 5.00000000e-05]
 [ 5.00000000e-05]
 [ 5.00000000e-05]
 [ 5.00000000e-05]
 [ 5.00000000e-05]
 [ 5.00000000e-05]
 [ 5.00000000e-05]
 [ 5.00000000e-05]
 [ 5.00000000e-05]
 [ 5.00000000e-05]
 [ 5.00000000e-05]
 [ 5.00000000e-05]
 [ 5.00000000e-05]
 [ 5.00000000e-05]
 [ 5.00000000e-05]
 [ 5.00000000e-05]
 [ 5.00000000e-05]
 [ 5.00000000e-05]
 [-1.00500000e-02]]
GS迭代法误差
6.089288008157737e-06
GS和精确解之间误差
0.7570682347837474
SOR answer
[[-0.09323326]
 [-0.09419962]
 [-0.09364576]
 [-0.09319687]
 [-0.09269526]
 [-0.09217387]
 [-0.09162485]
 [-0.09104802]
 [-0.09044176]
 [-0.0898046 ]
 [-0.08913496]
 [-0.08843118]
 [-0.08769153]
 [-0.08691418]
 [-0.0860972 ]
 [-0.08523857]
 [-0.08433617]
 [-0.08338778]
 [-0.08239104]
 [-0.08134349]
 [-0.08024254]
 [-0.07908547]
 [-0.07786942]
 [-0.07659138]
 [-0.0752482 ]
 [-0.07383654]
 [-0.07235292]
 [-0.07079368]
 [-0.06915495]
 [-0.06743269]
 [-0.06562263]
 [-0.06372031]
 [-0.06172101]
 [-0.0596198 ]
 [-0.05741149]
 [-0.0550906 ]
 [-0.0526514 ]
 [-0.05008787]
 [-0.04739365]
 [-0.0445621 ]
 [-0.04158621]
 [-0.03845863]
 [-0.03517161]
 [-0.03171704]
 [-0.02808637]
 [-0.02427063]
 [-0.02026037]
 [-0.0160457 ]
 [-0.01161618]
 [-0.00696086]
 [-0.00206823]
 [ 0.00307379]
 [ 0.00847793]
 [ 0.01415755]
 [ 0.02012669]
 [ 0.02640011]
 [ 0.03299332]
 [ 0.03992262]
 [ 0.04720514]
 [ 0.05485889]
 [ 0.06290279]
 [ 0.07135673]
 [ 0.08024162]
 [ 0.08957941]
 [ 0.0993932 ]
 [ 0.10970725]
 [ 0.12054706]
 [ 0.13193944]
 [ 0.14391254]
 [ 0.15649598]
 [ 0.16972086]
 [ 0.18361988]
 [ 0.19822741]
 [ 0.21357956]
 [ 0.22971429]
 [ 0.2466715 ]
 [ 0.2644931 ]
 [ 0.28322316]
 [ 0.302908  ]
 [ 0.32359627]
 [ 0.34533913]
 [ 0.36819035]
 [ 0.39220641]
 [ 0.41744669]
 [ 0.4439736 ]
 [ 0.47185274]
 [ 0.50115301]
 [ 0.53194688]
 [ 0.56431048]
 [ 0.59832381]
 [ 0.63407099]
 [ 0.67164039]
 [ 0.7111249 ]
 [ 0.75262214]
 [ 0.79623471]
 [ 0.84207045]
 [ 0.89024268]
 [ 0.9408705 ]
 [ 0.99407909]]
A*ans_sor
[[-4.36949263e-07]
 [ 5.69063230e-06]
 [ 4.47839635e-06]
 [ 5.02134830e-06]
 [ 5.21591902e-06]
 [ 5.49295175e-06]
 [ 5.77106730e-06]
 [ 6.06554824e-06]
 [ 6.37469687e-06]
 [ 6.69965496e-06]
 [ 7.04117091e-06]
 [ 7.40009664e-06]
 [ 7.77731860e-06]
 [ 8.17376955e-06]
 [ 8.59042971e-06]
 [ 9.02832923e-06]
 [ 9.48855080e-06]
 [ 9.97223229e-06]
 [ 1.04805696e-05]
 [ 1.10148195e-05]
 [ 1.15763030e-05]
 [ 1.21664082e-05]
 [ 1.27865942e-05]
 [ 1.34383944e-05]
 [ 1.41234202e-05]
 [ 1.48433655e-05]
 [ 1.56000101e-05]
 [ 1.63952249e-05]
 [ 1.72309760e-05]
 [ 1.81093298e-05]
 [ 1.90324579e-05]
 [ 2.00026426e-05]
 [ 2.10222829e-05]
 [ 2.20938995e-05]
 [ 2.32201421e-05]
 [ 2.44037953e-05]
 [ 2.56477855e-05]
 [ 2.69551884e-05]
 [ 2.83292366e-05]
 [ 2.97733272e-05]
 [ 3.12910308e-05]
 [ 3.28860997e-05]
 [ 3.45624777e-05]
 [ 3.63243095e-05]
 [ 3.81759512e-05]
 [ 4.01219808e-05]
 [ 4.21672098e-05]
 [ 4.43166950e-05]
 [ 4.65757507e-05]
 [ 4.89499624e-05]
 [ 5.14452003e-05]
 [ 5.40676335e-05]
 [ 5.68237460e-05]
 [ 5.97203521e-05]
 [ 6.27646136e-05]
 [ 6.59640570e-05]
 [ 6.93265930e-05]
 [ 7.28605352e-05]
 [ 7.65746210e-05]
 [ 8.04780335e-05]
 [ 8.45804234e-05]
 [ 8.88919338e-05]
 [ 9.34232246e-05]
 [ 9.81854992e-05]
 [ 1.03190532e-04]
 [ 1.08450698e-04]
 [ 1.13979002e-04]
 [ 1.19789113e-04]
 [ 1.25895396e-04]
 [ 1.32312949e-04]
 [ 1.39057638e-04]
 [ 1.46146139e-04]
 [ 1.53595979e-04]
 [ 1.61425576e-04]
 [ 1.69654289e-04]
 [ 1.78302464e-04]
 [ 1.87391481e-04]
 [ 1.96943813e-04]
 [ 2.06983078e-04]
 [ 2.17534098e-04]
 [ 2.28622958e-04]
 [ 2.40277077e-04]
 [ 2.52525267e-04]
 [ 2.65397812e-04]
 [ 2.78926538e-04]
 [ 2.93144896e-04]
 [ 3.08088037e-04]
 [ 3.23792910e-04]
 [ 3.40298343e-04]
 [ 3.57645145e-04]
 [ 3.75876204e-04]
 [ 3.95036597e-04]
 [ 4.15173697e-04]
 [ 4.36337291e-04]
 [ 4.58579704e-04]
 [ 4.81955931e-04]
 [ 5.06523767e-04]
 [ 5.32343956e-04]
 [-1.00455197e-02]]
SOR迭代法误差
0.0004823439558847162
SOR和精确解之间误差
0.7570682347837474
