epsl = 0.1
A
[[-0.21  0.11  0.   ...  0.    0.    0.  ]
 [ 0.1  -0.21  0.11 ...  0.    0.    0.  ]
 [ 0.    0.1  -0.21 ...  0.    0.    0.  ]
 ...
 [ 0.    0.    0.   ... -0.21  0.11  0.  ]
 [ 0.    0.    0.   ...  0.1  -0.21  0.11]
 [ 0.    0.    0.   ...  0.    0.1  -0.21]]

b
[[ 5.0000e-05]
 [ 5.0000e-05]
 [ 5.0000e-05]
 [ 5.0000e-05]
 [ 5.0000e-05]
 [ 5.0000e-05]
 [ 5.0000e-05]
 [ 5.0000e-05]
 [ 5.0000e-05]
 [ 5.0000e-05]
 [ 5.0000e-05]
 [ 5.0000e-05]
 [ 5.0000e-05]
 [ 5.0000e-05]
 [ 5.0000e-05]
 [ 5.0000e-05]
 [ 5.0000e-05]
 [ 5.0000e-05]
 [ 5.0000e-05]
 [ 5.0000e-05]
 [ 5.0000e-05]
 [ 5.0000e-05]
 [ 5.0000e-05]
 [ 5.0000e-05]
 [ 5.0000e-05]
 [ 5.0000e-05]
 [ 5.0000e-05]
 [ 5.0000e-05]
 [ 5.0000e-05]
 [ 5.0000e-05]
 [ 5.0000e-05]
 [ 5.0000e-05]
 [ 5.0000e-05]
 [ 5.0000e-05]
 [ 5.0000e-05]
 [ 5.0000e-05]
 [ 5.0000e-05]
 [ 5.0000e-05]
 [ 5.0000e-05]
 [ 5.0000e-05]
 [ 5.0000e-05]
 [ 5.0000e-05]
 [ 5.0000e-05]
 [ 5.0000e-05]
 [ 5.0000e-05]
 [ 5.0000e-05]
 [ 5.0000e-05]
 [ 5.0000e-05]
 [ 5.0000e-05]
 [ 5.0000e-05]
 [ 5.0000e-05]
 [ 5.0000e-05]
 [ 5.0000e-05]
 [ 5.0000e-05]
 [ 5.0000e-05]
 [ 5.0000e-05]
 [ 5.0000e-05]
 [ 5.0000e-05]
 [ 5.0000e-05]
 [ 5.0000e-05]
 [ 5.0000e-05]
 [ 5.0000e-05]
 [ 5.0000e-05]
 [ 5.0000e-05]
 [ 5.0000e-05]
 [ 5.0000e-05]
 [ 5.0000e-05]
 [ 5.0000e-05]
 [ 5.0000e-05]
 [ 5.0000e-05]
 [ 5.0000e-05]
 [ 5.0000e-05]
 [ 5.0000e-05]
 [ 5.0000e-05]
 [ 5.0000e-05]
 [ 5.0000e-05]
 [ 5.0000e-05]
 [ 5.0000e-05]
 [ 5.0000e-05]
 [ 5.0000e-05]
 [ 5.0000e-05]
 [ 5.0000e-05]
 [ 5.0000e-05]
 [ 5.0000e-05]
 [ 5.0000e-05]
 [ 5.0000e-05]
 [ 5.0000e-05]
 [ 5.0000e-05]
 [ 5.0000e-05]
 [ 5.0000e-05]
 [ 5.0000e-05]
 [ 5.0000e-05]
 [ 5.0000e-05]
 [ 5.0000e-05]
 [ 5.0000e-05]
 [ 5.0000e-05]
 [ 5.0000e-05]
 [ 5.0000e-05]
 [-1.0995e-01]]
精确解
[[0.05258345]
 [0.10063874]
 [0.14459677]
 [0.18484746]
 [0.2217436 ]
 [0.25560442]
 [0.28671878]
 [0.31534802]
 [0.34172864]
 [0.36607463]
 [0.3885796 ]
 [0.40941876]
 [0.42875062]
 [0.44671862]
 [0.46345256]
 [0.47906986]
 [0.49367679]
 [0.5073695 ]
 [0.520235  ]
 [0.53235199]
 [0.54379171]
 [0.55461861]
 [0.564891  ]
 [0.57466166]
 [0.58397834]
 [0.59288423]
 [0.60141842]
 [0.60961629]
 [0.61750984]
 [0.62512804]
 [0.63249708]
 [0.63964067]
 [0.64658028]
 [0.65333531]
 [0.65992332]
 [0.66636022]
 [0.67266038]
 [0.67883681]
 [0.68490129]
 [0.69086447]
 [0.69673599]
 [0.70252457]
 [0.70823811]
 [0.71388375]
 [0.71946795]
 [0.72499655]
 [0.73047486]
 [0.73590764]
 [0.74129924]
 [0.74665357]
 [0.75197419]
 [0.75726429]
 [0.76252679]
 [0.76776431]
 [0.77297922]
 [0.77817369]
 [0.78334964]
 [0.78850885]
 [0.79365292]
 [0.79878327]
 [0.80390122]
 [0.80900794]
 [0.81410451]
 [0.81919188]
 [0.82427095]
 [0.82934249]
 [0.83440722]
 [0.83946579]
 [0.84451879]
 [0.84956674]
 [0.85461013]
 [0.85964939]
 [0.86468492]
 [0.86971706]
 [0.87474615]
 [0.87977246]
 [0.88479628]
 [0.88981782]
 [0.89483732]
 [0.89985496]
 [0.90487092]
 [0.90988537]
 [0.91489844]
 [0.91991026]
 [0.92492096]
 [0.92993064]
 [0.9349394 ]
 [0.93994733]
 [0.9449545 ]
 [0.94996099]
 [0.95496687]
 [0.95997218]
 [0.96497699]
 [0.96998134]
 [0.97498527]
 [0.97998884]
 [0.98499206]
 [0.98999497]
 [0.99499761]]
Jacob迭代次数 1357
GS迭代次数 646
SOR 迭代次数 30
Jacob answer
[[0.00549229]
 [0.0111485 ]
 [0.01669727]
 [0.02276654]
 [0.02865172]
 [0.03532449]
 [0.04172671]
 [0.04911354]
 [0.05613979]
 [0.06429279]
 [0.07199603]
 [0.08092531]
 [0.08931948]
 [0.09900544]
 [0.10807682]
 [0.11847942]
 [0.12819511]
 [0.13926076]
 [0.149575  ]
 [0.16124156]
 [0.17210038]
 [0.18430086]
 [0.19564546]
 [0.2083106 ]
 [0.22007981]
 [0.23313997]
 [0.24527195]
 [0.2586584 ]
 [0.2710919 ]
 [0.28473771]
 [0.29741288]
 [0.31125358]
 [0.32411259]
 [0.33808654]
 [0.35107398]
 [0.36512268]
 [0.37818585]
 [0.39225415]
 [0.40534325]
 [0.41937945]
 [0.43244773]
 [0.44640376]
 [0.45940762]
 [0.47323902]
 [0.48613811]
 [0.49980417]
 [0.51256143]
 [0.52602519]
 [0.53860692]
 [0.5518352 ]
 [0.56421109]
 [0.5771745 ]
 [0.58931764]
 [0.6019906 ]
 [0.61387747]
 [0.62623814]
 [0.6378486 ]
 [0.64987885]
 [0.66119613]
 [0.67288145]
 [0.68389204]
 [0.69522146]
 [0.70591503]
 [0.71688099]
 [0.72725029]
 [0.73784848]
 [0.74788924]
 [0.75811841]
 [0.76782913]
 [0.77769094]
 [0.78707274]
 [0.79657151]
 [0.80562797]
 [0.81477047]
 [0.82350736]
 [0.83230255]
 [0.84072767]
 [0.84918646]
 [0.8573094 ]
 [0.8654444 ]
 [0.87327628]
 [0.88110153]
 [0.88865479]
 [0.89618552]
 [0.90347369]
 [0.91072603]
 [0.91776351]
 [0.92475428]
 [0.93155609]
 [0.93830258]
 [0.94488417]
 [0.95140388]
 [0.95778094]
 [0.96409141]
 [0.97027966]
 [0.97639829]
 [0.98241333]
 [0.98835717]
 [0.99421435]]
A*ans_jacob
[[ 7.29541597e-05]
 [ 4.47432444e-05]
 [ 1.12742639e-04]
 [ 4.04425085e-05]
 [ 1.45487302e-04]
 [ 3.69678395e-05]
 [ 1.72327642e-04]
 [ 3.42053363e-05]
 [ 1.94205776e-04]
 [ 3.20553826e-05]
 [ 2.11897188e-04]
 [ 3.04310173e-05]
 [ 2.26037850e-04]
 [ 2.92564421e-05]
 [ 2.37147925e-04]
 [ 2.84656681e-05]
 [ 2.45652322e-04]
 [ 2.80012953e-05]
 [ 2.51898368e-04]
 [ 2.78134214e-05]
 [ 2.56170876e-04]
 [ 2.78586707e-05]
 [ 2.58704872e-04]
 [ 2.80993365e-05]
 [ 2.59696242e-04]
 [ 2.85026277e-05]
 [ 2.59310547e-04]
 [ 2.90400101e-05]
 [ 2.57690227e-04]
 [ 2.96866346e-05]
 [ 2.54960410e-04]
 [ 3.04208423e-05]
 [ 2.51233514e-04]
 [ 3.12237387e-05]
 [ 2.46612814e-04]
 [ 3.20788293e-05]
 [ 2.41195131e-04]
 [ 3.29717079e-05]
 [ 2.35072789e-04]
 [ 3.38897929e-05]
 [ 2.28334950e-04]
 [ 3.48221020e-05]
 [ 2.21068451e-04]
 [ 3.57590631e-05]
 [ 2.13358233e-04]
 [ 3.66923536e-05]
 [ 2.05287448e-04]
 [ 3.76147645e-05]
 [ 1.96937332e-04]
 [ 3.85200850e-05]
 [ 1.88386885e-04]
 [ 3.94030047e-05]
 [ 1.79712440e-04]
 [ 4.02590286e-05]
 [ 1.70987155e-04]
 [ 4.10844042e-05]
 [ 1.62280477e-04]
 [ 4.18760572e-05]
 [ 1.53657610e-04]
 [ 4.26315337e-05]
 [ 1.45179011e-04]
 [ 4.33489489e-05]
 [ 1.36899944e-04]
 [ 4.40269385e-05]
 [ 1.28870113e-04]
 [ 4.46646150e-05]
 [ 1.21133365e-04]
 [ 4.52615246e-05]
 [ 1.13727500e-04]
 [ 4.58176071e-05]
 [ 1.06684169e-04]
 [ 4.63331570e-05]
 [ 1.00028872e-04]
 [ 4.68087852e-05]
 [ 9.37810490e-05]
 [ 4.72453824e-05]
 [ 8.79542597e-05]
 [ 4.76440837e-05]
 [ 8.25564423e-05]
 [ 4.80062329e-05]
 [ 7.75902461e-05]
 [ 4.83333498e-05]
 [ 7.30534228e-05]
 [ 4.86270978e-05]
 [ 6.89392671e-05]
 [ 4.88892527e-05]
 [ 6.52370950e-05]
 [ 4.91216741e-05]
 [ 6.19327470e-05]
 [ 4.93262777e-05]
 [ 5.90091043e-05]
 [ 4.95050101e-05]
 [ 5.64466084e-05]
 [ 4.96598256e-05]
 [ 5.42237719e-05]
 [ 4.97926650e-05]
 [ 5.23176730e-05]
 [ 4.99054366e-05]
 [-1.09949296e-01]]
Jacob迭代法误差
0.00020969624194430857
Jacob和精确解之间误差
0.9189736024430192
Gauss Seidel answer
[[-3.01227319e-03]
 [-5.11440098e-03]
 [-6.31007595e-03]
 [-6.60950599e-03]
 [-6.02815032e-03]
 [-4.58564564e-03]
 [-2.30489767e-03]
 [ 7.88683132e-04]
 [ 4.66782123e-03]
 [ 9.30390771e-03]
 [ 1.46674392e-02]
 [ 2.07283768e-02]
 [ 2.74564378e-02]
 [ 3.48213280e-02]
 [ 4.27929270e-02]
 [ 5.13414303e-02]
 [ 6.04374591e-02]
 [ 7.00521394e-02]
 [ 8.01571601e-02]
 [ 9.07248099e-02]
 [ 1.01728001e-01]
 [ 1.13140279e-01]
 [ 1.24935824e-01]
 [ 1.37089450e-01]
 [ 1.49576586e-01]
 [ 1.62373272e-01]
 [ 1.75456138e-01]
 [ 1.88802388e-01]
 [ 2.02389787e-01]
 [ 2.16196641e-01]
 [ 2.30201789e-01]
 [ 2.44384584e-01]
 [ 2.58724886e-01]
 [ 2.73203053e-01]
 [ 2.87799933e-01]
 [ 3.02496861e-01]
 [ 3.17275656e-01]
 [ 3.32118623e-01]
 [ 3.47008551e-01]
 [ 3.61928717e-01]
 [ 3.76862894e-01]
 [ 3.91795354e-01]
 [ 4.06710875e-01]
 [ 4.21594752e-01]
 [ 4.36432802e-01]
 [ 4.51211375e-01]
 [ 4.65917362e-01]
 [ 4.80538208e-01]
 [ 4.95061915e-01]
 [ 5.09477054e-01]
 [ 5.23772773e-01]
 [ 5.37938805e-01]
 [ 5.51965469e-01]
 [ 5.65843682e-01]
 [ 5.79564959e-01]
 [ 5.93121418e-01]
 [ 6.06505778e-01]
 [ 6.19711363e-01]
 [ 6.32732097e-01]
 [ 6.45562505e-01]
 [ 6.58197704e-01]
 [ 6.70633401e-01]
 [ 6.82865881e-01]
 [ 6.94892003e-01]
 [ 7.06709187e-01]
 [ 7.18315399e-01]
 [ 7.29709145e-01]
 [ 7.40889448e-01]
 [ 7.51855839e-01]
 [ 7.62608337e-01]
 [ 7.73147428e-01]
 [ 7.83474054e-01]
 [ 7.93589584e-01]
 [ 8.03495800e-01]
 [ 8.13194870e-01]
 [ 8.22689333e-01]
 [ 8.31982070e-01]
 [ 8.41076286e-01]
 [ 8.49975483e-01]
 [ 8.58683440e-01]
 [ 8.67204189e-01]
 [ 8.75541993e-01]
 [ 8.83701318e-01]
 [ 8.91686818e-01]
 [ 8.99503308e-01]
 [ 9.07155741e-01]
 [ 9.14649191e-01]
 [ 9.21988827e-01]
 [ 9.29179898e-01]
 [ 9.36227709e-01]
 [ 9.43137605e-01]
 [ 9.49914952e-01]
 [ 9.56565118e-01]
 [ 9.63093463e-01]
 [ 9.69505314e-01]
 [ 9.75805959e-01]
 [ 9.82000628e-01]
 [ 9.88094485e-01]
 [ 9.94092612e-01]]
A*ans_gs
[[ 6.99932624e-05]
 [ 7.86885314e-05]
 [ 8.66301937e-05]
 [ 9.38921263e-05]
 [ 1.00539949e-04]
 [ 1.06631807e-04]
 [ 1.12219092e-04]
 [ 1.17347111e-04]
 [ 1.22055703e-04]
 [ 1.26379811e-04]
 [ 1.30349999e-04]
 [ 1.33992936e-04]
 [ 1.37331835e-04]
 [ 1.40386858e-04]
 [ 1.43175478e-04]
 [ 1.45712821e-04]
 [ 1.48011969e-04]
 [ 1.50084235e-04]
 [ 1.51939415e-04]
 [ 1.53586016e-04]
 [ 1.55031459e-04]
 [ 1.56282264e-04]
 [ 1.57344211e-04]
 [ 1.58222488e-04]
 [ 1.58921824e-04]
 [ 1.59446598e-04]
 [ 1.59800943e-04]
 [ 1.59988834e-04]
 [ 1.60014162e-04]
 [ 1.59880800e-04]
 [ 1.59592659e-04]
 [ 1.59153731e-04]
 [ 1.58568126e-04]
 [ 1.57840105e-04]
 [ 1.56974099e-04]
 [ 1.55974724e-04]
 [ 1.54846796e-04]
 [ 1.53595330e-04]
 [ 1.52225545e-04]
 [ 1.50742857e-04]
 [ 1.49152871e-04]
 [ 1.47461373e-04]
 [ 1.45674312e-04]
 [ 1.43797788e-04]
 [ 1.41838030e-04]
 [ 1.39801376e-04]
 [ 1.37694256e-04]
 [ 1.35523162e-04]
 [ 1.33294632e-04]
 [ 1.31015221e-04]
 [ 1.28691480e-04]
 [ 1.26329932e-04]
 [ 1.23937043e-04]
 [ 1.21519207e-04]
 [ 1.19082716e-04]
 [ 1.16633744e-04]
 [ 1.14178321e-04]
 [ 1.11722315e-04]
 [ 1.09271416e-04]
 [ 1.06831115e-04]
 [ 1.04406689e-04]
 [ 1.02003187e-04]
 [ 9.96254183e-05]
 [ 9.72779389e-05]
 [ 9.49650429e-05]
 [ 9.26907541e-05]
 [ 9.04588197e-05]
 [ 8.82727048e-05]
 [ 8.61355895e-05]
 [ 8.40503668e-05]
 [ 8.20196422e-05]
 [ 8.00457347e-05]
 [ 7.81306793e-05]
 [ 7.62762309e-05]
 [ 7.44838689e-05]
 [ 7.27548033e-05]
 [ 7.10899823e-05]
 [ 6.94901000e-05]
 [ 6.79556056e-05]
 [ 6.64867133e-05]
 [ 6.50834124e-05]
 [ 6.37454792e-05]
 [ 6.24724877e-05]
 [ 6.12638224e-05]
 [ 6.01186902e-05]
 [ 5.90361333e-05]
 [ 5.80150419e-05]
 [ 5.70541669e-05]
 [ 5.61521328e-05]
 [ 5.53074508e-05]
 [ 5.45185307e-05]
 [ 5.37836940e-05]
 [ 5.31011856e-05]
 [ 5.24691858e-05]
 [ 5.18858215e-05]
 [ 5.13491776e-05]
 [ 5.08573072e-05]
 [ 5.04082415e-05]
 [-1.09950000e-01]]
GS迭代法误差
0.00011001416175970285
GS和精确解之间误差
0.9189736024430192
SOR answer
[[-1.47963127e-03]
 [-2.49885182e-03]
 [-3.20022699e-03]
 [-3.68234629e-03]
 [-4.01335084e-03]
 [-4.24030682e-03]
 [-4.39569943e-03]
 [-4.50193098e-03]
 [-4.57443554e-03]
 [-4.62383490e-03]
 [-4.65743019e-03]
 [-4.68023340e-03]
 [-4.69568009e-03]
 [-4.70612153e-03]
 [-4.71316419e-03]
 [-4.71790371e-03]
 [-4.72108589e-03]
 [-4.72321737e-03]
 [-4.72464161e-03]
 [-4.72559093e-03]
 [-4.72622209e-03]
 [-4.72664067e-03]
 [-4.72691754e-03]
 [-4.72710020e-03]
 [-4.72722040e-03]
 [-4.72729928e-03]
 [-4.72735092e-03]
 [-4.72738462e-03]
 [-4.72740657e-03]
 [-4.72742082e-03]
 [-4.72743005e-03]
 [-4.72743602e-03]
 [-4.72743986e-03]
 [-4.72744233e-03]
 [-4.72744391e-03]
 [-4.72744492e-03]
 [-4.72744557e-03]
 [-4.72744598e-03]
 [-4.72744624e-03]
 [-4.72744640e-03]
 [-4.72744651e-03]
 [-4.72744657e-03]
 [-4.72744661e-03]
 [-4.72744664e-03]
 [-4.72744665e-03]
 [-4.72744666e-03]
 [-4.72744667e-03]
 [-4.72744667e-03]
 [-4.72744668e-03]
 [-4.72744668e-03]
 [-4.72744668e-03]
 [-4.72744668e-03]
 [-4.72744668e-03]
 [-4.72744668e-03]
 [-4.72744668e-03]
 [-4.72744668e-03]
 [-4.72744668e-03]
 [-4.72744668e-03]
 [-4.72744668e-03]
 [-4.72744668e-03]
 [-4.72744668e-03]
 [-4.72744668e-03]
 [-4.72744668e-03]
 [-4.72744668e-03]
 [-4.72744668e-03]
 [-4.72744668e-03]
 [-4.72744668e-03]
 [-4.72744668e-03]
 [-4.72744668e-03]
 [-4.72744668e-03]
 [-4.72743914e-03]
 [-4.72735193e-03]
 [-4.72682129e-03]
 [-4.72456316e-03]
 [-4.71701800e-03]
 [-4.69593970e-03]
 [-4.64472814e-03]
 [-4.53354957e-03]
 [-4.31356391e-03]
 [-3.91076103e-03]
 [-3.21989511e-03]
 [-2.09875215e-03]
 [-3.62525362e-04]
 [ 2.22250390e-03]
 [ 5.94735975e-03]
 [ 1.11727107e-02]
 [ 1.83473895e-02]
 [ 2.80355951e-02]
 [ 4.09555329e-02]
 [ 5.80326021e-02]
 [ 8.04708368e-02]
 [ 1.09847272e-01]
 [ 1.48235364e-01]
 [ 1.98365662e-01]
 [ 2.63834770e-01]
 [ 3.49377351e-01]
 [ 4.61220841e-01]
 [ 6.07548860e-01]
 [ 7.99107580e-01]]
A*ans_sor
[[ 3.58488668e-05]
 [ 2.47707856e-05]
 [ 1.71043937e-05]
 [ 1.18014299e-05]
 [ 8.13529799e-06]
 [ 5.60241018e-06]
 [ 3.85379033e-06]
 [ 2.64765362e-06]
 [ 1.81652735e-06]
 [ 1.24445275e-06]
 [ 8.51175990e-07]
 [ 5.81185667e-07]
 [ 3.96110969e-07]
 [ 2.69450704e-07]
 [ 1.82918993e-07]
 [ 1.23912358e-07]
 [ 8.37546770e-08]
 [ 5.64816695e-08]
 [ 3.79995588e-08]
 [ 2.55031551e-08]
 [ 1.70737346e-08]
 [ 1.14014593e-08]
 [ 7.59400214e-09]
 [ 5.04479240e-09]
 [ 3.34244993e-09]
 [ 2.20863970e-09]
 [ 1.45550923e-09]
 [ 9.56597495e-10]
 [ 6.26994709e-10]
 [ 4.09842512e-10]
 [ 2.67170527e-10]
 [ 1.73692098e-10]
 [ 1.12614572e-10]
 [ 7.28176269e-11]
 [ 4.69582003e-11]
 [ 3.02013284e-11]
 [ 1.93726018e-11]
 [ 1.23938336e-11]
 [ 7.90839681e-12]
 [ 5.03322319e-12]
 [ 3.19513600e-12]
 [ 2.02315421e-12]
 [ 1.27783981e-12]
 [ 8.05087984e-13]
 [ 5.05989781e-13]
 [ 3.17237339e-13]
 [ 1.98419189e-13]
 [ 1.23808732e-13]
 [ 7.70726798e-14]
 [ 4.78679596e-14]
 [ 2.96618199e-14]
 [ 1.83388461e-14]
 [ 1.13132160e-14]
 [ 6.96339687e-15]
 [ 4.27717757e-15]
 [ 2.62138401e-15]
 [ 1.60331817e-15]
 [ 9.78600881e-16]
 [ 5.95660674e-16]
 [ 3.62557206e-16]
 [ 2.19876201e-16]
 [ 1.32923186e-16]
 [ 8.02309608e-17]
 [ 4.87890978e-17]
 [ 2.90566182e-17]
 [ 1.75640752e-17]
 [ 1.06251813e-17]
 [ 6.28837260e-18]
 [ 3.90312782e-18]
 [ 8.29106477e-10]
 [ 8.83949698e-09]
 [ 4.96490925e-08]
 [ 1.95330509e-07]
 [ 6.04155068e-07]
 [ 1.56409612e-06]
 [ 3.52544171e-06]
 [ 7.10848697e-06]
 [ 1.30805665e-05]
 [ 2.23097491e-05]
 [ 3.57149648e-05]
 [ 5.42391324e-05]
 [ 7.88706513e-05]
 [ 1.10730539e-04]
 [ 1.51231218e-04]
 [ 2.02303025e-04]
 [ 2.66679560e-04]
 [ 3.48234744e-04]
 [ 4.52372600e-04]
 [ 5.86483825e-04]
 [ 7.60498908e-04]
 [ 9.87584430e-04]
 [ 1.28504651e-03]
 [ 1.67552363e-03]
 [ 2.18857208e-03]
 [ 2.86277319e-03]
 [ 3.74852572e-03]
 [ 4.91173312e-03]
 [ 6.43865729e-03]
 [-1.07057706e-01]]
SOR迭代法误差
0.006388657290087816
SOR和精确解之间误差
0.9189736024430192
