epsl = 0.01
A
[[-0.03  0.02  0.   ...  0.    0.    0.  ]
 [ 0.01 -0.03  0.02 ...  0.    0.    0.  ]
 [ 0.    0.01 -0.03 ...  0.    0.    0.  ]
 ...
 [ 0.    0.    0.   ... -0.03  0.02  0.  ]
 [ 0.    0.    0.   ...  0.01 -0.03  0.02]
 [ 0.    0.    0.   ...  0.    0.01 -0.03]]

b
[[ 5.000e-05]
 [ 5.000e-05]
 [ 5.000e-05]
 [ 5.000e-05]
 [ 5.000e-05]
 [ 5.000e-05]
 [ 5.000e-05]
 [ 5.000e-05]
 [ 5.000e-05]
 [ 5.000e-05]
 [ 5.000e-05]
 [ 5.000e-05]
 [ 5.000e-05]
 [ 5.000e-05]
 [ 5.000e-05]
 [ 5.000e-05]
 [ 5.000e-05]
 [ 5.000e-05]
 [ 5.000e-05]
 [ 5.000e-05]
 [ 5.000e-05]
 [ 5.000e-05]
 [ 5.000e-05]
 [ 5.000e-05]
 [ 5.000e-05]
 [ 5.000e-05]
 [ 5.000e-05]
 [ 5.000e-05]
 [ 5.000e-05]
 [ 5.000e-05]
 [ 5.000e-05]
 [ 5.000e-05]
 [ 5.000e-05]
 [ 5.000e-05]
 [ 5.000e-05]
 [ 5.000e-05]
 [ 5.000e-05]
 [ 5.000e-05]
 [ 5.000e-05]
 [ 5.000e-05]
 [ 5.000e-05]
 [ 5.000e-05]
 [ 5.000e-05]
 [ 5.000e-05]
 [ 5.000e-05]
 [ 5.000e-05]
 [ 5.000e-05]
 [ 5.000e-05]
 [ 5.000e-05]
 [ 5.000e-05]
 [ 5.000e-05]
 [ 5.000e-05]
 [ 5.000e-05]
 [ 5.000e-05]
 [ 5.000e-05]
 [ 5.000e-05]
 [ 5.000e-05]
 [ 5.000e-05]
 [ 5.000e-05]
 [ 5.000e-05]
 [ 5.000e-05]
 [ 5.000e-05]
 [ 5.000e-05]
 [ 5.000e-05]
 [ 5.000e-05]
 [ 5.000e-05]
 [ 5.000e-05]
 [ 5.000e-05]
 [ 5.000e-05]
 [ 5.000e-05]
 [ 5.000e-05]
 [ 5.000e-05]
 [ 5.000e-05]
 [ 5.000e-05]
 [ 5.000e-05]
 [ 5.000e-05]
 [ 5.000e-05]
 [ 5.000e-05]
 [ 5.000e-05]
 [ 5.000e-05]
 [ 5.000e-05]
 [ 5.000e-05]
 [ 5.000e-05]
 [ 5.000e-05]
 [ 5.000e-05]
 [ 5.000e-05]
 [ 5.000e-05]
 [ 5.000e-05]
 [ 5.000e-05]
 [ 5.000e-05]
 [ 5.000e-05]
 [ 5.000e-05]
 [ 5.000e-05]
 [ 5.000e-05]
 [ 5.000e-05]
 [ 5.000e-05]
 [ 5.000e-05]
 [ 5.000e-05]
 [-1.995e-02]]
精确解
[[0.32106028]
 [0.44233236]
 [0.49010647]
 [0.51084218]
 [0.52163103]
 [0.52876062]
 [0.53454406]
 [0.53983227]
 [0.5449383 ]
 [0.5499773 ]
 [0.55499165]
 [0.55999693]
 [0.56499887]
 [0.56999958]
 [0.57499985]
 [0.57999994]
 [0.58499998]
 [0.58999999]
 [0.595     ]
 [0.6       ]
 [0.605     ]
 [0.61      ]
 [0.615     ]
 [0.62      ]
 [0.625     ]
 [0.63      ]
 [0.635     ]
 [0.64      ]
 [0.645     ]
 [0.65      ]
 [0.655     ]
 [0.66      ]
 [0.665     ]
 [0.67      ]
 [0.675     ]
 [0.68      ]
 [0.685     ]
 [0.69      ]
 [0.695     ]
 [0.7       ]
 [0.705     ]
 [0.71      ]
 [0.715     ]
 [0.72      ]
 [0.725     ]
 [0.73      ]
 [0.735     ]
 [0.74      ]
 [0.745     ]
 [0.75      ]
 [0.755     ]
 [0.76      ]
 [0.765     ]
 [0.77      ]
 [0.775     ]
 [0.78      ]
 [0.785     ]
 [0.79      ]
 [0.795     ]
 [0.8       ]
 [0.805     ]
 [0.81      ]
 [0.815     ]
 [0.82      ]
 [0.825     ]
 [0.83      ]
 [0.835     ]
 [0.84      ]
 [0.845     ]
 [0.85      ]
 [0.855     ]
 [0.86      ]
 [0.865     ]
 [0.87      ]
 [0.875     ]
 [0.88      ]
 [0.885     ]
 [0.89      ]
 [0.895     ]
 [0.9       ]
 [0.905     ]
 [0.91      ]
 [0.915     ]
 [0.92      ]
 [0.925     ]
 [0.93      ]
 [0.935     ]
 [0.94      ]
 [0.945     ]
 [0.95      ]
 [0.955     ]
 [0.96      ]
 [0.965     ]
 [0.97      ]
 [0.975     ]
 [0.98      ]
 [0.985     ]
 [0.99      ]
 [0.995     ]]
Jacob迭代次数 405
GS迭代次数 252
SOR 迭代次数 49
Jacob answer
[[0.24684022]
 [0.37365768]
 [0.43953676]
 [0.47641251]
 [0.49731814]
 [0.51162495]
 [0.52125076]
 [0.52968881]
 [0.53638602]
 [0.54312533]
 [0.54897833]
 [0.55509291]
 [0.56063774]
 [0.56643332]
 [0.5718219 ]
 [0.57740892]
 [0.5826957 ]
 [0.58813052]
 [0.59334307]
 [0.59866321]
 [0.6038198 ]
 [0.60905333]
 [0.61416764]
 [0.61933625]
 [0.62441883]
 [0.62953927]
 [0.6345983 ]
 [0.63968343]
 [0.64472517]
 [0.64978469]
 [0.65481389]
 [0.65985505]
 [0.66487526]
 [0.66990342]
 [0.67491725]
 [0.67993631]
 [0.68494568]
 [0.68995844]
 [0.69496471]
 [0.69997316]
 [0.70497732]
 [0.70998285]
 [0.71498557]
 [0.71998916]
 [0.72499092]
 [0.72999322]
 [0.73499435]
 [0.7399958 ]
 [0.74499652]
 [0.74999743]
 [0.75499788]
 [0.75999845]
 [0.76499872]
 [0.76999907]
 [0.77499924]
 [0.77999945]
 [0.78499955]
 [0.78999968]
 [0.79499974]
 [0.79999981]
 [0.80499985]
 [0.80999989]
 [0.81499992]
 [0.81999994]
 [0.82499995]
 [0.82999997]
 [0.83499997]
 [0.83999998]
 [0.84499999]
 [0.84999999]
 [0.85499999]
 [0.85999999]
 [0.865     ]
 [0.87      ]
 [0.875     ]
 [0.88      ]
 [0.885     ]
 [0.89      ]
 [0.895     ]
 [0.9       ]
 [0.905     ]
 [0.91      ]
 [0.915     ]
 [0.92      ]
 [0.925     ]
 [0.93      ]
 [0.935     ]
 [0.94      ]
 [0.945     ]
 [0.95      ]
 [0.955     ]
 [0.96      ]
 [0.965     ]
 [0.97      ]
 [0.975     ]
 [0.98      ]
 [0.985     ]
 [0.99      ]
 [0.995     ]]
A*ans_jacob
[[ 6.79470361e-05]
 [ 4.94070082e-05]
 [ 7.87240702e-05]
 [ 4.93552279e-05]
 [ 7.70797909e-05]
 [ 4.94483053e-05]
 [ 7.25027292e-05]
 [ 4.95637501e-05]
 [ 6.78140398e-05]
 [ 4.96669107e-05]
 [ 6.37617506e-05]
 [ 4.97506219e-05]
 [ 6.04633119e-05]
 [ 4.98158453e-05]
 [ 5.78545801e-05]
 [ 4.98655574e-05]
 [ 5.58284593e-05]
 [ 4.99028789e-05]
 [ 5.42771803e-05]
 [ 4.99305520e-05]
 [ 5.31046093e-05]
 [ 4.99508387e-05]
 [ 5.22290856e-05]
 [ 4.99655482e-05]
 [ 5.15831516e-05]
 [ 4.99760990e-05]
 [ 5.11122222e-05]
 [ 4.99835859e-05]
 [ 5.07729066e-05]
 [ 4.99888417e-05]
 [ 5.05312748e-05]
 [ 4.99924918e-05]
 [ 5.03612070e-05]
 [ 4.99949996e-05]
 [ 5.02428978e-05]
 [ 4.99967040e-05]
 [ 5.01615493e-05]
 [ 4.99978500e-05]
 [ 5.01062627e-05]
 [ 4.99986122e-05]
 [ 5.00691241e-05]
 [ 4.99991135e-05]
 [ 5.00444656e-05]
 [ 4.99994398e-05]
 [ 5.00282838e-05]
 [ 4.99996497e-05]
 [ 5.00177883e-05]
 [ 4.99997834e-05]
 [ 5.00110606e-05]
 [ 4.99998675e-05]
 [ 5.00067986e-05]
 [ 4.99999198e-05]
 [ 5.00041307e-05]
 [ 4.99999520e-05]
 [ 5.00024803e-05]
 [ 4.99999716e-05]
 [ 5.00014717e-05]
 [ 4.99999834e-05]
 [ 5.00008628e-05]
 [ 4.99999904e-05]
 [ 5.00004996e-05]
 [ 4.99999945e-05]
 [ 5.00002857e-05]
 [ 4.99999969e-05]
 [ 5.00001613e-05]
 [ 4.99999983e-05]
 [ 5.00000899e-05]
 [ 4.99999991e-05]
 [ 5.00000494e-05]
 [ 4.99999995e-05]
 [ 5.00000268e-05]
 [ 4.99999997e-05]
 [ 5.00000143e-05]
 [ 4.99999999e-05]
 [ 5.00000075e-05]
 [ 4.99999999e-05]
 [ 5.00000039e-05]
 [ 5.00000000e-05]
 [ 5.00000020e-05]
 [ 5.00000000e-05]
 [ 5.00000010e-05]
 [ 5.00000000e-05]
 [ 5.00000005e-05]
 [ 5.00000000e-05]
 [ 5.00000002e-05]
 [ 5.00000000e-05]
 [ 5.00000001e-05]
 [ 5.00000000e-05]
 [ 5.00000000e-05]
 [ 5.00000000e-05]
 [ 5.00000000e-05]
 [ 5.00000000e-05]
 [ 5.00000000e-05]
 [ 5.00000000e-05]
 [ 5.00000000e-05]
 [ 5.00000000e-05]
 [ 5.00000000e-05]
 [ 5.00000000e-05]
 [-1.99500000e-02]]
Jacob迭代法误差
2.8724070227922935e-05
Jacob和精确解之间误差
0.8688014688562573
Gauss Seidel answer
[[0.24612826]
 [0.3726416 ]
 [0.43941192]
 [0.47627302]
 [0.49809575]
 [0.51229886]
 [0.52259009]
 [0.53082893]
 [0.53795399]
 [0.54444444]
 [0.55054971]
 [0.55640376]
 [0.56208194]
 [0.56762942]
 [0.57307537]
 [0.57844009]
 [0.58373866]
 [0.58898288]
 [0.59418225]
 [0.59934458]
 [0.60447634]
 [0.60958296]
 [0.61466895]
 [0.61973805]
 [0.6247934 ]
 [0.62983758]
 [0.63487272]
 [0.63990058]
 [0.64492258]
 [0.64993991]
 [0.65495351]
 [0.65996414]
 [0.66497243]
 [0.66997887]
 [0.67498386]
 [0.6799877 ]
 [0.68499066]
 [0.68999293]
 [0.69499467]
 [0.69999599]
 [0.70499699]
 [0.70999775]
 [0.71499832]
 [0.71999875]
 [0.72499908]
 [0.72999932]
 [0.7349995 ]
 [0.73999963]
 [0.74499973]
 [0.7499998 ]
 [0.75499986]
 [0.7599999 ]
 [0.76499992]
 [0.76999995]
 [0.77499996]
 [0.77999997]
 [0.78499998]
 [0.78999999]
 [0.79499999]
 [0.79999999]
 [0.80499999]
 [0.81      ]
 [0.815     ]
 [0.82      ]
 [0.825     ]
 [0.83      ]
 [0.835     ]
 [0.84      ]
 [0.845     ]
 [0.85      ]
 [0.855     ]
 [0.86      ]
 [0.865     ]
 [0.87      ]
 [0.875     ]
 [0.88      ]
 [0.885     ]
 [0.89      ]
 [0.895     ]
 [0.9       ]
 [0.905     ]
 [0.91      ]
 [0.915     ]
 [0.92      ]
 [0.925     ]
 [0.93      ]
 [0.935     ]
 [0.94      ]
 [0.945     ]
 [0.95      ]
 [0.955     ]
 [0.96      ]
 [0.965     ]
 [0.97      ]
 [0.975     ]
 [0.98      ]
 [0.985     ]
 [0.99      ]
 [0.995     ]]
A*ans_gs
[[ 6.89842417e-05]
 [ 7.02730115e-05]
 [ 6.95187831e-05]
 [ 6.78435601e-05]
 [ 6.58350461e-05]
 [ 6.37933760e-05]
 [ 6.18645697e-05]
 [ 6.01126392e-05]
 [ 5.85585093e-05]
 [ 5.72010031e-05]
 [ 5.60281363e-05]
 [ 5.50231758e-05]
 [ 5.41678638e-05]
 [ 5.34441076e-05]
 [ 5.28348327e-05]
 [ 5.23243806e-05]
 [ 5.18986568e-05]
 [ 5.15451415e-05]
 [ 5.12528275e-05]
 [ 5.10121180e-05]
 [ 5.08147074e-05]
 [ 5.06534542e-05]
 [ 5.05222556e-05]
 [ 5.04159263e-05]
 [ 5.03300845e-05]
 [ 5.02610474e-05]
 [ 5.02057352e-05]
 [ 5.01615854e-05]
 [ 5.01264761e-05]
 [ 5.00986590e-05]
 [ 5.00766999e-05]
 [ 5.00594281e-05]
 [ 5.00458917e-05]
 [ 5.00353208e-05]
 [ 5.00270949e-05]
 [ 5.00207163e-05]
 [ 5.00157874e-05]
 [ 5.00119920e-05]
 [ 5.00090794e-05]
 [ 5.00068520e-05]
 [ 5.00051544e-05]
 [ 5.00038649e-05]
 [ 5.00028888e-05]
 [ 5.00021523e-05]
 [ 5.00015984e-05]
 [ 5.00011834e-05]
 [ 5.00008733e-05]
 [ 5.00006425e-05]
 [ 5.00004711e-05]
 [ 5.00003444e-05]
 [ 5.00002510e-05]
 [ 5.00001823e-05]
 [ 5.00001320e-05]
 [ 5.00000953e-05]
 [ 5.00000686e-05]
 [ 5.00000492e-05]
 [ 5.00000352e-05]
 [ 5.00000251e-05]
 [ 5.00000178e-05]
 [ 5.00000126e-05]
 [ 5.00000089e-05]
 [ 5.00000063e-05]
 [ 5.00000044e-05]
 [ 5.00000031e-05]
 [ 5.00000021e-05]
 [ 5.00000015e-05]
 [ 5.00000010e-05]
 [ 5.00000007e-05]
 [ 5.00000005e-05]
 [ 5.00000003e-05]
 [ 5.00000002e-05]
 [ 5.00000002e-05]
 [ 5.00000001e-05]
 [ 5.00000001e-05]
 [ 5.00000000e-05]
 [ 5.00000000e-05]
 [ 5.00000000e-05]
 [ 5.00000000e-05]
 [ 5.00000000e-05]
 [ 5.00000000e-05]
 [ 5.00000000e-05]
 [ 5.00000000e-05]
 [ 5.00000000e-05]
 [ 5.00000000e-05]
 [ 5.00000000e-05]
 [ 5.00000000e-05]
 [ 5.00000000e-05]
 [ 5.00000000e-05]
 [ 5.00000000e-05]
 [ 5.00000000e-05]
 [ 5.00000000e-05]
 [ 5.00000000e-05]
 [ 5.00000000e-05]
 [ 5.00000000e-05]
 [ 5.00000000e-05]
 [ 5.00000000e-05]
 [ 5.00000000e-05]
 [ 5.00000000e-05]
 [-1.99500000e-02]]
GS迭代法误差
2.0273011452631412e-05
GS和精确解之间误差
0.8688014688562573
SOR answer
[[-0.01912383]
 [-0.0275452 ]
 [-0.03125342]
 [-0.03288618]
 [-0.03360505]
 [-0.03392154]
 [-0.03406086]
 [-0.03412219]
 [-0.03414918]
 [-0.03416106]
 [-0.03416629]
 [-0.03416859]
 [-0.0341696 ]
 [-0.03417005]
 [-0.03417024]
 [-0.03417033]
 [-0.03417037]
 [-0.03417038]
 [-0.03417039]
 [-0.03417039]
 [-0.03417039]
 [-0.03417039]
 [-0.0341704 ]
 [-0.0341704 ]
 [-0.0341704 ]
 [-0.0341704 ]
 [-0.0341704 ]
 [-0.0341704 ]
 [-0.0341704 ]
 [-0.0341704 ]
 [-0.0341704 ]
 [-0.0341704 ]
 [-0.0341704 ]
 [-0.0341704 ]
 [-0.0341704 ]
 [-0.0341704 ]
 [-0.0341704 ]
 [-0.0341704 ]
 [-0.0341704 ]
 [-0.0341704 ]
 [-0.0341704 ]
 [-0.0341704 ]
 [-0.0341704 ]
 [-0.0341704 ]
 [-0.0341704 ]
 [-0.0341704 ]
 [-0.0341704 ]
 [-0.0341704 ]
 [-0.0341704 ]
 [-0.0341704 ]
 [-0.0341704 ]
 [-0.03417039]
 [-0.03417034]
 [-0.03417004]
 [-0.03416866]
 [-0.03416389]
 [-0.03415022]
 [-0.03411668]
 [-0.03404408]
 [-0.03390271]
 [-0.03365118]
 [-0.03323724]
 [-0.03260069]
 [-0.03167824]
 [-0.03040914]
 [-0.02874047]
 [-0.02663091]
 [-0.0240521 ]
 [-0.02098739]
 [-0.01742824]
 [-0.01336909]
 [-0.00880147]
 [-0.00370841]
 [ 0.00194038]
 [ 0.00819215]
 [ 0.01511335]
 [ 0.02279104]
 [ 0.03133332]
 [ 0.04086968]
 [ 0.05155116]
 [ 0.06355101]
 [ 0.07706578]
 [ 0.09231718]
 [ 0.10955464]
 [ 0.12905859]
 [ 0.15114459]
 [ 0.17616816]
 [ 0.20453043]
 [ 0.23668457]
 [ 0.27314314]
 [ 0.3144863 ]
 [ 0.36137123]
 [ 0.41454263]
 [ 0.47484464]
 [ 0.54323432]
 [ 0.6207969 ]
 [ 0.70876304]
 [ 0.80852837]
 [ 0.92167567]]
A*ans_sor
[[ 2.28109444e-05]
 [ 1.00492968e-05]
 [ 4.42703022e-06]
 [ 1.95017198e-06]
 [ 8.59045392e-07]
 [ 3.78391356e-07]
 [ 1.66666096e-07]
 [ 7.34062941e-08]
 [ 3.23294471e-08]
 [ 1.42377414e-08]
 [ 6.26989992e-09]
 [ 2.76093115e-09]
 [ 1.21569521e-09]
 [ 5.35262255e-10]
 [ 2.35656737e-10]
 [ 1.03743975e-10]
 [ 4.56682166e-11]
 [ 2.01016460e-11]
 [ 8.84736099e-12]
 [ 3.89366404e-12]
 [ 1.71341955e-12]
 [ 7.53923616e-13]
 [ 3.31701029e-13]
 [ 1.45921253e-13]
 [ 6.41867202e-14]
 [ 2.82302393e-14]
 [ 1.24145486e-14]
 [ 5.45874110e-15]
 [ 2.39955625e-15]
 [ 1.05514555e-15]
 [ 4.63604849e-16]
 [ 2.03830008e-16]
 [ 8.93382590e-17]
 [ 3.90312782e-17]
 [ 1.73472348e-17]
 [ 7.80625564e-18]
 [ 3.25260652e-18]
 [ 1.51788304e-18]
 [ 4.33680869e-19]
 [ 0.00000000e+00]
 [ 2.16840434e-19]
 [ 0.00000000e+00]
 [-2.16840434e-19]
 [ 0.00000000e+00]
 [-2.16840434e-19]
 [-2.16840434e-19]
 [-2.16840434e-19]
 [-2.16840434e-19]
 [-2.16840434e-19]
 [-2.16840434e-19]
 [ 7.41035234e-11]
 [ 9.00018173e-10]
 [ 5.65151360e-09]
 [ 2.44346852e-08]
 [ 8.17497820e-08]
 [ 2.25556305e-07]
 [ 5.34227783e-07]
 [ 1.11657107e-06]
 [ 2.10139842e-06]
 [ 3.61679725e-06]
 [ 5.76370199e-06]
 [ 8.59148306e-06]
 [ 1.20834817e-05]
 [ 1.61575927e-05]
 [ 2.06823561e-05]
 [ 2.55044438e-05]
 [ 3.04805426e-05]
 [ 3.55061916e-05]
 [ 4.05358722e-05]
 [ 4.55916462e-05]
 [ 5.07607548e-05]
 [ 5.61849398e-05]
 [ 6.20453981e-05]
 [ 6.85472512e-05]
 [ 7.59065478e-05]
 [ 8.43415659e-05]
 [ 9.40689491e-05]
 [ 1.05304267e-04]
 [ 1.18266035e-04]
 [ 1.33182048e-04]
 [ 1.50296979e-04]
 [ 1.69880452e-04]
 [ 1.92235101e-04]
 [ 2.17704422e-04]
 [ 2.46680450e-04]
 [ 2.79611419e-04]
 [ 3.17009687e-04]
 [ 3.59460204e-04]
 [ 4.07629810e-04]
 [ 4.62277656e-04]
 [ 5.24267000e-04]
 [ 5.94578629e-04]
 [ 6.74326173e-04]
 [ 7.64773551e-04]
 [ 8.67354849e-04]
 [ 9.83696945e-04]
 [ 1.11564522e-03]
 [ 1.26529275e-03]
 [-1.95649865e-02]]
SOR迭代法误差
0.0012152927464807812
SOR和精确解之间误差
0.8688014688562573
